___________________ confusion_matrix _____________________
[[    0 15639     0     0     0     0     1]
 [    0 22670     0     0     0     0     0]
 [    0 10510     1     0     0     0     0]
 [    1 24189     0   163     0   117     3]
 [    0 10981     0     0     0     0     0]
 [    0 14625     0     0     0     0     0]
 [    0 14045     0    75     0     0     0]]


___________________ classification report _____________________
               precision    recall  f1-score   support

      economy       0.00      0.00      0.00     15640
    education       0.20      1.00      0.34     22670
entertainment       1.00      0.00      0.00     10511
international       0.68      0.01      0.01     24473
     politics       0.00      0.00      0.00     10981
       sports       0.00      0.00      0.00     14625
   technology       0.00      0.00      0.00     14120

     accuracy                           0.20    113020
    macro avg       0.27      0.14      0.05    113020
 weighted avg       0.28      0.20      0.07    113020



___________________ mean prediction time _____________________
0.0027621781988452754