___________________ confusion_matrix _____________________
[[ 9725    55    45    82    15    13   324]
 [   43  7710    12    35    25     4   352]
 [   48    23 10083    84    15    63    42]
 [  126    12    84  9286    12    21   169]
 [   77    56    27    13 10818    14    13]
 [   24     7    33    33     2 14505    18]
 [   83    40    51   112     8     8  5538]]


___________________ classification report _____________________
               precision    recall  f1-score   support

      economy       0.96      0.95      0.95     10259
    education       0.98      0.94      0.96      8181
entertainment       0.98      0.97      0.97     10358
international       0.96      0.96      0.96      9710
     politics       0.99      0.98      0.99     11018
       sports       0.99      0.99      0.99     14622
   technology       0.86      0.95      0.90      5840

     accuracy                           0.97     69988
    macro avg       0.96      0.96      0.96     69988
 weighted avg       0.97      0.97      0.97     69988
