___________________ confusion_matrix _____________________
[[13907    51    21    60     6   202   165]
 [   42 12225    31     9    10    99    60]
 [   18    18 14740    51    48    76    22]
 [   45     8    78 15205    26   102    74]
 [    6     9    32    26 15578    14     4]
 [  230   121    70    86    15 14802    36]
 [  101    39    16    90    13    36  9703]]


___________________ classification report _____________________
              precision    recall  f1-score   support

           0       0.97      0.96      0.97     14412
           1       0.98      0.98      0.98     12476
           2       0.98      0.98      0.98     14973
           3       0.98      0.98      0.98     15538
           4       0.99      0.99      0.99     15669
           5       0.97      0.96      0.96     15360
           6       0.96      0.97      0.97      9998

    accuracy                           0.98     98426
   macro avg       0.98      0.98      0.98     98426
weighted avg       0.98      0.98      0.98     98426
