___________________ confusion_matrix _____________________
[[11314   172    52   197    32  2072   573]
 [   55 10687    82    25    31  1361   235]
 [   15    94 14195   172   110   364    23]
 [  120    42   272 14339    58   458   249]
 [    7    29    75    59 15426    60    13]
 [  323   323   217   162    32 14217    86]
 [  287   180    76   379    35   163  8878]]


___________________ classification report _____________________
              precision    recall  f1-score   support

           0       0.93      0.79      0.85     14412
           1       0.93      0.86      0.89     12476
           2       0.95      0.95      0.95     14973
           3       0.94      0.92      0.93     15538
           4       0.98      0.98      0.98     15669
           5       0.76      0.93      0.83     15360
           6       0.88      0.89      0.89      9998

    accuracy                           0.90     98426
   macro avg       0.91      0.90      0.90     98426
weighted avg       0.91      0.90      0.91     98426
