___________________ confusion_matrix _____________________
[[13556   127    17    75     2   228   407]
 [   77 12035    40    14    19   131   160]
 [   26    56 14454   136   116   118    67]
 [  139    35   116 14694    29   207   318]
 [    5    13    68    42 15492    16    33]
 [  721   378   183   145    24 13827    82]
 [  315   126    22    84    22    25  9404]]


___________________ classification report _____________________
              precision    recall  f1-score   support

           0       0.91      0.94      0.93     14412
           1       0.94      0.96      0.95     12476
           2       0.97      0.97      0.97     14973
           3       0.97      0.95      0.96     15538
           4       0.99      0.99      0.99     15669
           5       0.95      0.90      0.92     15360
           6       0.90      0.94      0.92      9998

    accuracy                           0.95     98426
   macro avg       0.95      0.95      0.95     98426
weighted avg       0.95      0.95      0.95     98426
