___________________ confusion_matrix _____________________
[[14492   142    29   261    63    26   754]
 [   84 21773    19   138    88     9   621]
 [   23    47  9985   142    40    36    95]
 [  112    56   108 23901    20    50   731]
 [   82   165    25    55 10654    15    29]
 [   14    15    17    51    14 14436    22]
 [  127   250    30   263    21     9 14528]]


___________________ classification report _____________________
               precision    recall  f1-score   support

      economy       0.97      0.92      0.94     15767
    education       0.97      0.96      0.96     22732
entertainment       0.98      0.96      0.97     10368
international       0.96      0.96      0.96     24978
     politics       0.98      0.97      0.97     11025
       sports       0.99      0.99      0.99     14569
   technology       0.87      0.95      0.91     15228

     accuracy                           0.96    114667
    macro avg       0.96      0.96      0.96    114667
 weighted avg       0.96      0.96      0.96    114667
