___________________ confusion_matrix _____________________
[[ 8757   192   215   420   313   245   672]
 [  218  8018   107   148   212    76   431]
 [  185   110  8782   304   283   482   266]
 [  453   149   335  8276   288   352   392]
 [  288   202   248   265  9787   153   106]
 [  143    58   380   227   116 13587   103]
 [  718   278   300   473   124   200  7248]]


___________________ classification report _____________________
               precision    recall  f1-score   support

      economy       0.81      0.81      0.81     10814
    education       0.89      0.87      0.88      9210
entertainment       0.85      0.84      0.85     10412
international       0.82      0.81      0.81     10245
     politics       0.88      0.89      0.88     11049
       sports       0.90      0.93      0.91     14614
   technology       0.79      0.78      0.78      9341

     accuracy                           0.85     75685
    macro avg       0.85      0.85      0.85     75685
 weighted avg       0.85      0.85      0.85     75685
