___________________ confusion_matrix _____________________
[[10182    43    23   121    40    28   411]
 [  170  8355    29   100   112    20   454]
 [   30    14 10170   110    19    45    49]
 [  205    26    55  9602    12    39   225]
 [  131    66    39    53 10628    23    40]
 [    6     6    17    29     6 14507     7]
 [  285    49    57   236    22    22  8730]]


___________________ classification report _____________________
               precision    recall  f1-score   support

      economy       0.92      0.94      0.93     10848
    education       0.98      0.90      0.94      9240
entertainment       0.98      0.97      0.98     10437
international       0.94      0.94      0.94     10164
     politics       0.98      0.97      0.97     10980
       sports       0.99      1.00      0.99     14578
   technology       0.88      0.93      0.90      9401

     accuracy                           0.95     75648
    macro avg       0.95      0.95      0.95     75648
 weighted avg       0.95      0.95      0.95     75648
