___________________ confusion_matrix _____________________
[[ 9372   104   173   187    48    28   347]
 [   15  7656    19    79    30    33   349]
 [    3     3 10243    73     5    26     5]
 [   16     2    34  9584     1    15    58]
 [    8    12    20    47 10906    16     9]
 [    2     2     9    22     1 14579     7]
 [   26    15    50   147     6    17  5579]]


___________________ classification report _____________________
               precision    recall  f1-score   support

      economy       0.99      0.91      0.95     10259
    education       0.98      0.94      0.96      8181
entertainment       0.97      0.99      0.98     10358
international       0.95      0.99      0.97      9710
     politics       0.99      0.99      0.99     11018
       sports       0.99      1.00      0.99     14622
   technology       0.88      0.96      0.92      5840

     accuracy                           0.97     69988
    macro avg       0.96      0.97      0.97     69988
 weighted avg       0.97      0.97      0.97     69988
