___________________ confusion_matrix _____________________
[[10704   213   215    43  1189]
 [  272  5236   166    55   337]
 [  845   637  4104    37  1519]
 [  141   172    37   831   174]
 [ 1686   430   475   101  6313]]


___________________ classification report _____________________
              precision    recall  f1-score   support

   not bully       0.78      0.87      0.82     12364
   religious       0.78      0.86      0.82      6066
      sexual       0.82      0.57      0.68      7142
      threat       0.78      0.61      0.69      1355
       troll       0.66      0.70      0.68      9005

    accuracy                           0.76     35932
   macro avg       0.77      0.72      0.74     35932
weighted avg       0.76      0.76      0.75     35932
