___________________ confusion_matrix _____________________
[[11364    70   313    29   495]
 [  328  5339   166    23   206]
 [  728    52  5913     7   442]
 [  200   110    43   900   102]
 [ 1418   101   537    58  6255]]


___________________ classification report _____________________
              precision    recall  f1-score   support

   not bully       0.81      0.93      0.86     12271
   religious       0.94      0.88      0.91      6062
      sexual       0.85      0.83      0.84      7142
      threat       0.88      0.66      0.76      1355
       troll       0.83      0.75      0.79      8369

    accuracy                           0.85     35199
   macro avg       0.86      0.81      0.83     35199
weighted avg       0.85      0.85      0.84     35199
