___________________ confusion_matrix _____________________
[[11098   114   213    24   915]
 [  199  5490   112    28   237]
 [  567    93  5666    13   803]
 [  150    67    45   956   137]
 [ 1106   109   437    69  7284]]


___________________ classification report _____________________
              precision    recall  f1-score   support

   not bully       0.85      0.90      0.87     12364
   religious       0.93      0.91      0.92      6066
      sexual       0.88      0.79      0.83      7142
      threat       0.88      0.71      0.78      1355
       troll       0.78      0.81      0.79      9005

    accuracy                           0.85     35932
   macro avg       0.86      0.82      0.84     35932
weighted avg       0.85      0.85      0.85     35932
