___________________ confusion_matrix _____________________
[[11164   102   248     9   841]
 [  546  4939   233    10   338]
 [ 1599   132  4422     8   981]
 [  300   156    90   659   150]
 [ 2752   156   601    52  5444]]


___________________ classification report _____________________
              precision    recall  f1-score   support

   not bully       0.68      0.90      0.78     12364
   religious       0.90      0.81      0.86      6066
      sexual       0.79      0.62      0.69      7142
      threat       0.89      0.49      0.63      1355
       troll       0.70      0.60      0.65      9005

    accuracy                           0.74     35932
   macro avg       0.79      0.69      0.72     35932
weighted avg       0.75      0.74      0.74     35932
