___________________ confusion_matrix _____________________
[[10543   157   384    41  1239]
 [  401  4905   284    36   440]
 [  974   305  4592    27  1244]
 [  182   146    86   783   158]
 [ 1835   323   636    67  6144]]


___________________ classification report _____________________
              precision    recall  f1-score   support

   not bully       0.76      0.85      0.80     12364
   religious       0.84      0.81      0.82      6066
      sexual       0.77      0.64      0.70      7142
      threat       0.82      0.58      0.68      1355
       troll       0.67      0.68      0.67      9005

    accuracy                           0.75     35932
   macro avg       0.77      0.71      0.74     35932
weighted avg       0.75      0.75      0.75     35932
