___________________ confusion_matrix _____________________
[[14170    63     6    39    14     2   105]
 [   26 21505     7    24    17     1    52]
 [    8    17  9793    53    10    14    28]
 [   94    62    62 23261    25    20   194]
 [   22    73     6    13 10192     7     9]
 [    7     8     8    27     4 14271     4]
 [   84   102    19   101     3     2 13095]]


___________________ classification report _____________________
               precision    recall  f1-score   support

      economy       0.98      0.98      0.98     14399
    education       0.99      0.99      0.99     21632
entertainment       0.99      0.99      0.99      9923
international       0.99      0.98      0.98     23718
     politics       0.99      0.99      0.99     10322
       sports       1.00      1.00      1.00     14329
   technology       0.97      0.98      0.97     13406

     accuracy                           0.99    107729
    macro avg       0.99      0.99      0.99    107729
 weighted avg       0.99      0.99      0.99    107729
