___________________ confusion_matrix _____________________
[[14141    10     7   115    19     4   103]
 [   87 21284    13    54    62    11   119]
 [    2     3  9856    36     5    11     9]
 [   23     4    23 23582     6     7    73]
 [   10     2     2    23 10275     7     4]
 [    0     1     7    29     2 14288     2]
 [   37    28    12    67     2     1 13259]]


___________________ classification report _____________________
               precision    recall  f1-score   support

      economy       0.99      0.98      0.99     14399
    education       1.00      0.98      0.99     21630
entertainment       0.99      0.99      0.99      9922
international       0.99      0.99      0.99     23718
     politics       0.99      1.00      0.99     10323
       sports       1.00      1.00      1.00     14329
   technology       0.98      0.99      0.98     13406

     accuracy                           0.99    107727
    macro avg       0.99      0.99      0.99    107727
 weighted avg       0.99      0.99      0.99    107727
