___________________ confusion_matrix _____________________
[[13610   146    20   261    55    16   291]
 [   57 21103    14   188    63    11   196]
 [   43    82  9294   232    36    41   195]
 [  115   203    98 22942    12    69   279]
 [  102   162     7   174  9825    17    35]
 [   29    21    39   169    20 13989    62]
 [  249   559    73   613    36    67 11809]]


___________________ classification report _____________________
               precision    recall  f1-score   support

      economy       0.96      0.95      0.95     14399
    education       0.95      0.98      0.96     21632
entertainment       0.97      0.94      0.95      9923
international       0.93      0.97      0.95     23718
     politics       0.98      0.95      0.96     10322
       sports       0.98      0.98      0.98     14329
   technology       0.92      0.88      0.90     13406

     accuracy                           0.95    107729
    macro avg       0.96      0.95      0.95    107729
 weighted avg       0.95      0.95      0.95    107729
