___________________ confusion_matrix _____________________
[[15221    44    13    38     5     2    73]
 [   25 22290    10    33    20     2   113]
 [    4    22 10320    27     5     8     8]
 [   43    27    17 24170     3     6    57]
 [   15    40     4    16 10772     1     1]
 [    1    12     5    18     0 14531     2]
 [   55   105    12    97     7     6 13708]]


___________________ classification report _____________________
               precision    recall  f1-score   support

      economy       0.99      0.99      0.99     15396
    education       0.99      0.99      0.99     22493
entertainment       0.99      0.99      0.99     10394
international       0.99      0.99      0.99     24323
     politics       1.00      0.99      0.99     10849
       sports       1.00      1.00      1.00     14569
   technology       0.98      0.98      0.98     13990

     accuracy                           0.99    112014
    macro avg       0.99      0.99      0.99    112014
 weighted avg       0.99      0.99      0.99    112014
