___________________ confusion_matrix _____________________
[[ 3977    28    33    41   116    47     3]
 [  162  7909   282    85  1037    66   313]
 [   18   231  7339    53   198    56   174]
 [  642    78    86  3667   113    67   108]
 [  525   600   196    93 14910    23   110]
 [   25    59   152    47    39  1954    22]
 [  151   128   226    52   196    28  8952]]


___________________ classification report _____________________
               precision    recall  f1-score   support

    economics       0.72      0.94      0.82      4245
    education       0.88      0.80      0.84      9854
entertainment       0.88      0.91      0.90      8069
international       0.91      0.77      0.83      4761
     politics       0.90      0.91      0.90     16457
 science_tech       0.87      0.85      0.86      2298
       sports       0.92      0.92      0.92      9733

     accuracy                           0.88     55417
    macro avg       0.87      0.87      0.87     55417
 weighted avg       0.88      0.88      0.88     55417
