___________________ confusion_matrix _____________________
[[15872    74    65   338    30   323]
 [  111  9203    93    50    37   118]
 [   49    24 28740   468   149    77]
 [  147    13   232 28870    63   334]
 [   26     8   125   149 47597    27]
 [  238    38    50   431    32 11223]]


___________________ classification report _____________________
               precision    recall  f1-score   support

      economy       0.97      0.95      0.96     16702
    education       0.98      0.96      0.97      9612
entertainment       0.98      0.97      0.98     29507
international       0.95      0.97      0.96     29659
       sports       0.99      0.99      0.99     47932
   technology       0.93      0.93      0.93     12012

     accuracy                           0.97    145424
    macro avg       0.97      0.96      0.97    145424
 weighted avg       0.97      0.97      0.97    145424
