___________________ confusion_matrix _____________________
[[14076    43    14    54     5   143    77]
 [   53 12226    41    15    13   118    10]
 [   17    17 14782    54    34    58    11]
 [   52    19    98 15238    18    50    63]
 [    8    22    39    25 15564    11     0]
 [  331   181   101   132    15 14585    15]
 [  281   105    30   141    21    53  9367]]


___________________ classification report _____________________
              precision    recall  f1-score   support

           0       0.95      0.98      0.96     14412
           1       0.97      0.98      0.97     12476
           2       0.98      0.99      0.98     14973
           3       0.97      0.98      0.98     15538
           4       0.99      0.99      0.99     15669
           5       0.97      0.95      0.96     15360
           6       0.98      0.94      0.96      9998

    accuracy                           0.97     98426
   macro avg       0.97      0.97      0.97     98426
weighted avg       0.97      0.97      0.97     98426
