___________________ confusion_matrix _____________________
[[14207   271    57   474    94    50   614]
 [   98 21531    44   332   106    24   597]
 [   59   120  9518   279    57    67   268]
 [  185   302   185 23600    19   100   587]
 [  156   274    19   245 10231    30    70]
 [   61    25    45   233    31 14092    82]
 [  413   871   108   982    58   101 12695]]


___________________ classification report _____________________
               precision    recall  f1-score   support

      economy       0.94      0.90      0.92     15767
    education       0.92      0.95      0.93     22732
entertainment       0.95      0.92      0.94     10368
international       0.90      0.94      0.92     24978
     politics       0.97      0.93      0.95     11025
       sports       0.97      0.97      0.97     14569
   technology       0.85      0.83      0.84     15228

     accuracy                           0.92    114667
    macro avg       0.93      0.92      0.92    114667
 weighted avg       0.92      0.92      0.92    114667
