___________________ confusion_matrix _____________________
[[10592   201   374    47  1058]
 [  332  5133   260    49   288]
 [  885   360  4735    39  1123]
 [  176   138    81   831   129]
 [ 1524   302   756    74  5713]]


___________________ classification report _____________________
              precision    recall  f1-score   support

   not bully       0.78      0.86      0.82     12272
   religious       0.84      0.85      0.84      6062
      sexual       0.76      0.66      0.71      7142
      threat       0.80      0.61      0.69      1355
       troll       0.69      0.68      0.69      8369

    accuracy                           0.77     35200
   macro avg       0.77      0.73      0.75     35200
weighted avg       0.77      0.77      0.76     35200
