___________________ confusion_matrix _____________________
[[11398    98   287    29   460]
 [  248  5480   162    38   134]
 [  642    62  6021    14   403]
 [  145    49    41  1036    84]
 [ 1304   114   487    74  6390]]


___________________ classification report _____________________
              precision    recall  f1-score   support

   not bully       0.83      0.93      0.88     12272
   religious       0.94      0.90      0.92      6062
      sexual       0.86      0.84      0.85      7142
      threat       0.87      0.76      0.81      1355
       troll       0.86      0.76      0.81      8369

    accuracy                           0.86     35200
   macro avg       0.87      0.84      0.85     35200
weighted avg       0.86      0.86      0.86     35200
