___________________ confusion_matrix _____________________
[[11650    46   152    11   413]
 [  216  5557   145    14   130]
 [  413    42  6327     4   356]
 [  121    66    32  1054    82]
 [  876    89   327    52  7025]]


___________________ classification report _____________________
              precision    recall  f1-score   support

   not bully       0.88      0.95      0.91     12272
   religious       0.96      0.92      0.94      6062
      sexual       0.91      0.89      0.90      7142
      threat       0.93      0.78      0.85      1355
       troll       0.88      0.84      0.86      8369

    accuracy                           0.90     35200
   macro avg       0.91      0.87      0.89     35200
weighted avg       0.90      0.90      0.90     35200
