___________________ confusion_matrix _____________________
[[10420   261   213    20  1358]
 [  278  5109   222    40   413]
 [  988   444  4177    13  1520]
 [  145   171    57   764   218]
 [ 1426   374   429    57  6083]]


___________________ classification report _____________________
              precision    recall  f1-score   support

   not bully       0.79      0.85      0.82     12272
   religious       0.80      0.84      0.82      6062
      sexual       0.82      0.58      0.68      7142
      threat       0.85      0.56      0.68      1355
       troll       0.63      0.73      0.68      8369

    accuracy                           0.75     35200
   macro avg       0.78      0.71      0.74     35200
weighted avg       0.76      0.75      0.75     35200
