___________________ confusion_matrix _____________________
[[11298    61   264    34   615]
 [  281  5380   138    42   221]
 [  674    60  5886    14   508]
 [  152    43    44  1004   112]
 [ 1319   105   496    61  6388]]


___________________ classification report _____________________
              precision    recall  f1-score   support

   not bully       0.82      0.92      0.87     12272
   religious       0.95      0.89      0.92      6062
      sexual       0.86      0.82      0.84      7142
      threat       0.87      0.74      0.80      1355
       troll       0.81      0.76      0.79      8369

    accuracy                           0.85     35200
   macro avg       0.86      0.83      0.84     35200
weighted avg       0.85      0.85      0.85     35200
