___________________ confusion_matrix _____________________
[[ 9708    71    19   173    67    12   234]
 [   96  7616    20    88    81     3   294]
 [   36    23 10220    79    49    23    25]
 [  130    34    84  9213    32    22   154]
 [   62    59    20    31 10862     8     9]
 [   22     8    57    69    12 14356    10]
 [  259    96    42   298    14    10  5118]]


___________________ classification report _____________________
               precision    recall  f1-score   support

      economy       0.94      0.94      0.94     10284
    education       0.96      0.93      0.95      8198
entertainment       0.98      0.98      0.98     10455
international       0.93      0.95      0.94      9669
     politics       0.98      0.98      0.98     11051
       sports       0.99      0.99      0.99     14534
   technology       0.88      0.88      0.88      5837

     accuracy                           0.96     70028
    macro avg       0.95      0.95      0.95     70028
 weighted avg       0.96      0.96      0.96     70028
