___________________ confusion_matrix _____________________
[[14791   113    36   156   115    28   401]
 [  132 21575    26   113   107    13   625]
 [   23    37 10185   119    44    43    60]
 [  251    54   135 23542    54    52   385]
 [   55   146    27    37 10677    19    19]
 [    7    11    37    50    19 14488    13]
 [  247   240    52   228    34    16 13304]]


___________________ classification report _____________________
               precision    recall  f1-score   support

      economy       0.95      0.95      0.95     15640
    education       0.97      0.96      0.96     22591
entertainment       0.97      0.97      0.97     10511
international       0.97      0.96      0.97     24473
     politics       0.97      0.97      0.97     10980
       sports       0.99      0.99      0.99     14625
   technology       0.90      0.94      0.92     14121

     accuracy                           0.96    112941
    macro avg       0.96      0.96      0.96    112941
 weighted avg       0.96      0.96      0.96    112941
