___________________ confusion_matrix _____________________
[[15021   136    16   105    28    15   319]
 [  101 21946    23    65    49     8   399]
 [   34    36 10224    92    32    39    54]
 [  354   134    93 23404    31    95   362]
 [  140   142    17    21 10618    20    22]
 [   15     9    36    13    10 14538     4]
 [  213   352    36   162    14    12 13332]]


___________________ classification report _____________________
               precision    recall  f1-score   support

      economy       0.95      0.96      0.95     15640
    education       0.96      0.97      0.97     22591
entertainment       0.98      0.97      0.98     10511
international       0.98      0.96      0.97     24473
     politics       0.98      0.97      0.98     10980
       sports       0.99      0.99      0.99     14625
   technology       0.92      0.94      0.93     14121

     accuracy                           0.97    112941
    macro avg       0.97      0.97      0.97    112941
 weighted avg       0.97      0.97      0.97    112941
