___________________ confusion_matrix _____________________
[[14289     2     9     5    10     3    81]
 [   41 21425     7    11    36     5   103]
 [    7     1  9871    15     2    21     6]
 [   55     2    41 23550     2     5    63]
 [   15     7     8    11 10270     3     8]
 [    2     0    15    16     1 14285    10]
 [   21     7    38    11     6     2 13321]]


___________________ classification report _____________________
               precision    recall  f1-score   support

      economy       0.99      0.99      0.99     14399
    education       1.00      0.99      0.99     21628
entertainment       0.99      0.99      0.99      9923
international       1.00      0.99      0.99     23718
     politics       0.99      0.99      0.99     10322
       sports       1.00      1.00      1.00     14329
   technology       0.98      0.99      0.99     13406

     accuracy                           0.99    107725
    macro avg       0.99      0.99      0.99    107725
 weighted avg       0.99      0.99      0.99    107725



___________________ mean prediction time _____________________
0.0053764580783945805