___________________ confusion_matrix _____________________
[[15423    27     5    55    15     7   108]
 [   30 22335     9    48    27     4   138]
 [    4    10 10425    33     5     8    26]
 [   44    20    22 24294     6    12    75]
 [   24    27     7    18 10898     2     4]
 [    3     3     5    20     1 14582    11]
 [   70   112    22    92     3     1 13821]]


___________________ classification report _____________________
               precision    recall  f1-score   support

      economy       0.99      0.99      0.99     15640
    education       0.99      0.99      0.99     22591
entertainment       0.99      0.99      0.99     10511
international       0.99      0.99      0.99     24473
     politics       0.99      0.99      0.99     10980
       sports       1.00      1.00      1.00     14625
   technology       0.97      0.98      0.98     14121

     accuracy                           0.99    112941
    macro avg       0.99      0.99      0.99    112941
 weighted avg       0.99      0.99      0.99    112941
