___________________ confusion_matrix _____________________
[[15085    92    25    95    34    43   266]
 [   54 21860    27    68    51    18   513]
 [    9    16 10246    78    12   109    41]
 [   88    67    90 23922    15    30   261]
 [   37    82    26    25 10784     7    19]
 [    4     5    33    11     0 14568     4]
 [  141   135    37   153     5    32 13618]]


___________________ classification report _____________________
               precision    recall  f1-score   support

      economy       0.98      0.96      0.97     15640
    education       0.98      0.97      0.97     22591
entertainment       0.98      0.97      0.98     10511
international       0.98      0.98      0.98     24473
     politics       0.99      0.98      0.99     10980
       sports       0.98      1.00      0.99     14625
   technology       0.93      0.96      0.94     14121

     accuracy                           0.97    112941
    macro avg       0.97      0.98      0.97    112941
 weighted avg       0.97      0.97      0.97    112941
