___________________ confusion_matrix _____________________
[[14969    82    30   118    33    47   361]
 [   57 21959    42    82    66     8   377]
 [   19    22 10308    83    10    33    36]
 [  100    73    87 23962     7    56   188]
 [   76    85    19    29 10741    23     7]
 [    3     3    57    15     2 14534    11]
 [  119   270    66   196     8    28 13434]]


___________________ classification report _____________________
               precision    recall  f1-score   support

      economy       0.98      0.96      0.97     15640
    education       0.98      0.97      0.97     22591
entertainment       0.97      0.98      0.98     10511
international       0.98      0.98      0.98     24473
     politics       0.99      0.98      0.98     10980
       sports       0.99      0.99      0.99     14625
   technology       0.93      0.95      0.94     14121

     accuracy                           0.97    112941
    macro avg       0.97      0.97      0.97    112941
 weighted avg       0.97      0.97      0.97    112941
