___________________ confusion_matrix _____________________
[[    0     0     0     0   395     2 15243]
 [    0     2    19     1 17786     0  4775]
 [    0     0     0     0    59     4 10448]
 [    2     0     0     0   134     2 24335]
 [    0     0     0     0 10858     1   122]
 [    1     0     0     0    74 10672  3878]
 [    0     6     0     4   537     0 13573]]


___________________ classification report _____________________
               precision    recall  f1-score   support

      economy       0.00      0.00      0.00     15640
    education       0.25      0.00      0.00     22583
entertainment       0.00      0.00      0.00     10511
international       0.00      0.00      0.00     24473
     politics       0.36      0.99      0.53     10981
       sports       1.00      0.73      0.84     14625
   technology       0.19      0.96      0.31     14120

     accuracy                           0.31    112933
    macro avg       0.26      0.38      0.24    112933
 weighted avg       0.24      0.31      0.20    112933



___________________ mean prediction time _____________________
0.004221104326182555